(1505,8.069109000452285)
(1507,7.955840379126501)
(1515,8.954973874346859)
(1520,8.853045706256715)
(1524,9.002408832385413)
(1525,8.24925181701582)
(1527,8.195219123505977)
(1541,8.22328181519237)
(1563,9.646379371246908)
(1564,8.465122996196987)
(1568,8.427492679919864)
(1572,9.294862292846343)
(1574,8.939127889961956)
(1575,9.073994452149792)
(1579,9.296130357856287)
(1581,9.130468190266544)
(1582,9.192491263956363)
(1584,8.792371645274212)
(1587,9.378877140962116)
(1588,8.582833410244577)
(1589,8.728523581062731)
(1590,9.34799336149668)
(1592,9.077107544733444)
(1593,8.793260298545711)
(1594,8.627993489886073)
(1595,8.342085521380344)
(1597,7.948234732824427)
(1598,8.649148078031114)
(1600,8.86247013607562)
(1602,7.874)
(1603,8.690679777682771)
(1605,8.567883800685898)
(1606,8.614776297259235)
(1607,9.507170214661086)
(1610,8.270075101097632)
(1611,8.499653225007432)
(1612,8.489521156652076)
(1614,8.777800872999377)
(1618,8.565948502364687)
(1619,8.740628402550941)
(1620,8.965599841951894)
(1621,8.775629300583573)
(1623,8.67123388042204)
(1624,9.258630136986302)
(1625,9.19649426531054)
(1626,9.17012663483496)
(1628,8.415424164524422)
(1629,8.821992521494748)
(1630,8.667903098739496)
(1631,8.103645607961921)
(1632,8.829581993569132)
(1634,8.954467467335357)
(1635,9.311012637452814)
(1636,8.508578602315525)
(1637,9.157423147191993)
(1638,8.46436316322105)
(1640,8.564546630835075)
(1641,8.736819582334817)
(1642,8.65953831356204)
(1643,9.215522643121618)
(1644,8.733420625360079)
(1645,8.880627907453327)
(1646,9.155143209116106)
(1647,9.290212604763482)
(1648,9.274482907988304)
(1649,9.222907391532782)
(1650,8.902418589063286)
(1651,9.014848361948538)
(1652,8.874077536982002)
(1653,8.964651750626986)
(1654,9.140264835703777)
(1655,9.02781448618715)
(1656,8.621938408801903)
(1657,9.281999957860139)
(1658,8.89475469542241)
(1659,8.909372773570468)
(1660,8.968568031462455)
(1661,9.01755946625411)
(1662,8.99907872864553)
(1663,9.158176841785144)
(1664,9.0045562513496)
(1665,9.109787234042553)
(1666,8.911137917169281)
(1667,9.179856301714523)
(1668,9.23586023747339)
(1669,9.057249132431478)
(1670,8.877096922883522)
(1671,8.93813250573472)
(1672,8.607713156213855)
(1673,9.082986511557941)
(1674,8.710920942136202)
(1675,8.94404786656502)
(1676,8.928900789326812)
(1677,9.159103145451718)
(1678,8.987729027513941)
(1679,9.143260835831136)
(1680,9.169340853754663)
(1681,8.971440867533065)
(1682,8.982817032269761)
(1683,8.941388846212936)
(1684,8.914571267408697)
(1685,9.032860325884599)
(1686,9.051460182683648)
(1687,8.82064294419692)
(1688,8.985643159187013)
(1689,9.046842162475542)
(1690,9.087867491539763)
(1691,9.128069037369032)
(1692,9.062203168329455)
(1693,9.149028583053607)
(1694,8.856158575365699)
(1695,8.860138393793248)
(1696,9.01602341963981)
(1697,8.917649251992357)
(1698,9.07264073477084)
(1699,9.036842298557893)
(1700,9.010169253670004)
(1701,8.957496706401486)
(1702,9.047084902175024)
(1703,9.021909331074871)
(1704,8.984373641280717)
(1705,9.093562504973344)
(1706,8.934823186106675)
(1707,9.031745714787776)
(1708,8.945603652695018)
(1709,9.010640697668837)
(1710,8.904678006232698)
(1711,8.856659561439026)
(1712,8.993802964455828)
(1713,9.104333932494507)
(1714,8.952343118045693)
(1715,8.918835066018351)
(1716,9.006538411597408)
(1717,9.03221678700569)
(1718,8.982447555759002)
(1719,8.989054799750122)
(1720,8.962610513889587)
(1721,8.905554339897884)
(1722,8.961995299190084)
(1723,8.84328407680162)
(1724,9.137207845490078)
(1725,8.993182393663018)
(1726,9.0681655205272)
(1727,9.052942889936178)
(1728,9.060926817661098)
(1729,9.031490319326426)
(1730,9.053460809286204)
(1731,9.068963822498759)
(1732,9.161654827603524)
(1733,9.127368812972053)
(1734,9.060604955143297)
(1735,9.089313463572978)
(1736,9.132224287779843)
(1737,9.243426255857266)
(1738,9.056989123493882)
(1739,9.038841579056413)
(1740,9.193855498235001)
(1741,9.1900948136062)
(1742,8.971385590889975)
(1743,9.142428840647103)
(1744,9.05710880013448)
(1745,9.108865468468872)
(1746,9.191084567606307)
(1747,9.003864766033852)
(1748,8.978739564896241)
(1749,9.007587897678585)
(1750,9.13753146023103)
(1751,9.167049464246837)
(1752,9.204185921584562)
(1753,9.22711613057171)
(1754,9.0895282260935)
(1755,9.088219255508852)
(1756,9.185870529300804)
(1757,9.154443371580655)
(1758,9.150539311526549)
(1759,9.01033362803378)
(1760,9.096932644179724)
(1761,9.098052040873787)
(1762,9.050380292540444)
(1763,9.085773387869123)
(1764,9.067087356465882)
(1765,9.139923298007705)
(1766,9.142321273734874)
(1767,9.064956486440996)
(1768,9.052181512191957)
(1769,9.100603213917804)
(1770,9.104508337082105)
(1771,9.09345857519789)
(1772,9.085216418763368)
(1773,9.104918429349853)
(1774,9.106297033410256)
(1775,9.108445872494528)
(1776,9.125652769904045)
(1777,9.14302940293665)
(1778,9.115094455519632)
(1779,9.095826413224886)
(1780,9.121349430188724)
(1781,9.08953515195962)
(1782,9.119309622724355)
(1783,9.16850910295558)
(1784,9.104618465632417)
(1785,9.154306085226331)
(1786,9.142870341061062)
(1787,9.086598223412643)
(1788,9.141876743316086)
(1789,9.035619912737918)
(1790,9.136868567001393)
(1791,9.161763284040832)
(1792,9.204052660952469)
(1793,9.186352161707195)
(1794,9.12433625842069)
(1795,9.143816015521896)
(1796,9.167097427042785)
(1797,9.136999222983404)
(1798,9.16930225357927)
(1799,9.168062318098569)
(1800,9.198296358718347)
(1801,9.206302677257925)
(1802,9.130000261323472)
(1803,9.174537569606336)
(1804,9.169661113030628)
(1805,9.164109796367638)
(1806,9.161971886897994)
(1807,9.132630422168338)
(1808,9.18140838531593)
(1809,9.214669710975034)
(1810,9.168051560737071)
(1811,9.177039694683339)
(1812,9.165117528669265)
(1813,9.210506459832661)
(1814,9.205354308306429)
(1815,9.218809771905578)
(1816,9.249995494753318)
(1817,9.236539645846417)
(1818,9.240959986643665)
(1819,9.23432683563784)
(1820,9.229155871621263)
(1821,9.278350235994687)
(1822,9.29016516131678)
(1823,9.234920991838187)
(1824,9.33724601977464)
(1825,9.34798342163963)
(1826,9.368806853597926)
(1827,9.31628613672206)
(1828,9.36661398719554)
(1829,9.397098022016936)
(1830,9.358581656161572)
(1831,9.395240193305057)
(1832,9.335150057058632)
(1833,9.429680436357419)
(1834,9.393532696215221)
(1835,9.413381805401487)
(1836,9.458705700429354)
(1837,9.429853313937565)
(1838,9.490233814524984)
(1839,9.48362220109383)
(1840,9.465419618970921)
(1841,9.457876330194228)
(1842,9.467651053024209)
(1843,9.434153380901526)
(1844,9.480687133665933)
(1845,9.479927865303297)
(1846,9.465496808103397)
(1847,9.442114554914331)
(1848,9.496583430123717)
(1849,9.460423871692477)
(1850,9.480371440737084)
(1851,9.52578031274472)
(1852,9.507712726023827)
(1853,9.524282535953951)
(1854,9.479385260267794)
(1855,9.47383027480615)
(1856,9.463158806424866)
(1857,9.469762362184735)
(1858,9.532271341509718)
(1859,9.477791912278501)
(1860,9.468180555333792)
(1861,9.496153146705463)
(1862,9.475456969954724)
(1863,9.516191145564592)
(1864,9.545694892417748)
(1865,9.520753554183493)
(1866,9.510628452264159)
(1867,9.489989174181577)
(1868,9.490324889545363)
(1869,9.526262791457592)
(1870,9.52851352374208)
(1871,9.522403479613576)
(1872,9.523558987625195)
(1873,9.524752096352435)
(1874,9.532131615664724)
(1875,9.510755451420172)
(1876,9.523482799015937)
(1877,9.514327237272662)
(1878,9.528631148004504)
(1879,9.551773790397434)
(1880,9.562217444541105)
(1881,9.524281708804368)
(1882,9.566982350895387)
(1883,9.559939435331795)
(1884,9.548088197767028)
(1885,9.544220918885125)
(1886,9.55509214192429)
(1887,9.586737877629629)
(1888,9.580731920353807)
(1889,9.564951539800767)
(1890,9.589928746699037)
(1891,9.573889510814075)
(1892,9.589442397817072)
(1893,9.617256026058632)
(1894,9.592240317538135)
(1895,9.618997757795768)
(1896,9.653573951091664)
(1897,9.634012352622053)
(1898,9.641531288886817)
(1899,9.643993554586993)
(1900,9.642995000525566)
(1901,9.66742721258574)
(1902,9.634005765369864)
(1903,9.64807601879923)
(1904,9.649029303717814)
(1905,9.673346473621228)
(1906,9.652767456766846)
(1907,9.650971313582561)
(1908,9.65913888571856)
(1909,9.678440010188357)
(1910,9.697798563473338)
(1911,9.685899948643238)
(1912,9.697659800923509)
(1913,9.702285729142014)
(1914,9.696419765168585)
(1915,9.669324461181318)
(1916,9.673758490959633)
(1917,9.67662906937045)
(1918,9.6677699619171)
(1919,9.683179550391822)
(1920,9.686147685325041)
(1921,9.685454027113387)
(1922,9.69552325666456)
(1923,9.720648855314316)
(1924,9.717100643031193)
(1925,9.733917725580916)
(1926,9.732784805124181)
(1927,9.771510918407138)
(1928,9.798249970958327)
(1929,9.790933559665957)
(1930,9.79409952695225)
(1931,9.778301796783122)
(1932,9.81709812950863)
(1933,9.817136404857328)
(1934,9.795770466065004)
(1935,9.8178833097018)
(1936,9.833728693159259)
(1937,9.822809115383036)
(1938,9.825953088941976)
(1939,9.843750365151143)
(1940,9.835364752603095)
(1941,9.808641675519805)
(1942,9.801168826815724)
(1943,9.748200181308638)
(1944,9.785711151223309)
(1945,9.823225678734566)
(1946,9.837281168764013)
(1947,9.839985322352458)
(1948,9.86371744288344)
(1949,9.858691804309453)
(1950,9.860134449757235)
(1951,9.877154554999793)
(1952,9.884121200875665)
(1953,9.90701751288071)
(1954,9.896698185744498)
(1955,9.916851607018074)
(1956,9.928553266474653)
(1957,9.95081248302261)
(1958,9.962123996469098)
(1959,9.961926419516052)
(1960,9.977072625327365)
(1961,9.979607705270627)
(1962,9.993695537053785)
(1963,9.994198895156567)
(1964,10.018988476643763)
(1965,10.026778857272372)
(1966,10.031934085936626)
(1967,10.042378710348245)
(1968,10.059355100589093)
(1969,10.060895491692316)
(1970,10.06216211144771)
(1971,10.07232111344316)
(1972,10.069248734759958)
(1973,10.066355969886052)
(1974,10.067529551609)
(1975,10.068798329380227)
(1976,10.070893964778865)
(1977,10.075705982962251)
(1978,10.078814151912898)
(1979,10.086187721861641)
(1980,10.08742506257874)
(1981,10.095135551677993)
(1982,10.104441610915233)
(1983,10.109685148249868)
(1984,10.109272779279138)
(1985,10.113541461414146)
(1986,10.12109933681843)
(1987,10.12342666028758)
(1988,10.131981953354353)
(1989,10.137116801216287)
(1990,10.150482975751084)
(1991,10.153232730236404)
(1992,10.150467825382133)
(1993,10.153629630353997)
(1994,10.161153804269091)
(1995,10.1640097446391)
(1996,10.172834111382953)
(1997,10.179321031343607)
(1998,10.192663292129991)
(1999,10.194406760593925)
(2000,10.205946624535217)
(2001,10.205379856188575)
(2002,10.208165207625298)
(2003,10.208307710968983)
(2004,10.220347772618808)
(2005,10.217707948827577)
(2006,10.231381807837069)
(2007,10.233471748752484)
(2008,10.201914489101119)
